"","Astro","Endo","Macro","Micro","Mural","Oligo","OPC","Tcell","Excit","Inhib"
"R18963",0.0960185812776604,0.00686220659620057,0.0107607274701174,0.0617176692487891,0.00851063378922158,0.173896407931872,0.0337230378995592,0.0220901275966701,0.181634481168144,0.404786127021765
"R18964",0.0546577477044113,0,0,0,0,0.209531455102415,0.000841655222428947,0,0,0.734969141970745
"R18965",0.0741502870913621,0.00304547928790481,0.00292453953051437,0.0379219657978873,0.00282772079116801,0.231027329682434,0.0259845363109502,0.00799141341303174,0.165958019348109,0.448168708746637
"R18966",0.0949171056924724,0.00282113533392719,0.00171356684650287,0.0516309582774015,0,0.180342414002607,0.0380522177237472,0.0111979457075019,0.190141532068974,0.429183124346866
"R18967",0,0,0,0,0,0.510430048119631,0.0177405779180054,0,0,0.471829373962363
"R18968",0.026360555177034,0,0,0,0,0.540772605688818,0.130182427340464,0,0.0270418670292425,0.275642544764441
"R18969",0.11090655335172,0,0,0.0877876481462864,0,0.132395971944137,0.0470047263912208,0,0.109029759421191,0.512875340745444
"R18970",0.0587399476310412,0.00328716102445184,0.0027208867640981,0.07142957253162,0.00855878087140841,0.21333680828255,0.0143247034498637,0.00531171995867925,0.0376873604708426,0.584603059015445
"R18971",0.0790795880637288,0.000564404048084693,0.000892074560330205,0.0681655489162,0.0140063207627082,0.321718783440551,0.0606955443096537,0.00334145186770748,0.0689668012317151,0.38256948279932
"R18972",0.0708425507594015,0.00636166172596658,0.0100918168477327,0.050213812361264,0.0106151934512446,0.221996154403721,0.0170002772407336,0.0245229738484748,0.16995268554807,0.41840287381339
"R18973",0.0631345361251808,0,0,0.0234966509965161,0,0.337792360803232,0.0506728847866733,0,0.0104621648364312,0.514441402451966
"R18974",0.0249219529846114,0,0,0,0,0.670940694977982,0.117157053149894,0,0,0.186980298887512
"R18975",0.065991654282531,0,0,0.0505428482163834,0,0.402550981692357,0.0291606746783087,0,0.113877894198129,0.337875946932291
"R18976",0.0735167704057442,0,0,0.0518880111171148,0.00366620257764297,0.363015841428131,0.0573745383977996,0,0.0797903830549547,0.370748253018612
"R18977",0.0429994839032688,0,0,0.0459723620468362,0,0.55358278429269,0.0766908644410589,0,0.0316392040876899,0.249115301228456
"R18978",0.0631337338241851,0.0023235415497168,0.00293578373859266,0.0553199067727372,0.00506365969769682,0.397564703980767,0.037073977812363,0.0113167383084972,0.137326120756917,0.287941833558527
"R18979",0.0835963104664046,0.00615637488296146,0.0122901797731623,0.0688321226086008,0.0206467501858876,0.224222415053895,0.0499746152537562,0.0135237044365577,0.0603443502237998,0.460413177114974
"R18980",0.0900533021409967,0.00347170982358143,0.00415186849774045,0.0674936148798875,0.0113015294970676,0.197262058401692,0.032726663062795,0.0202778666696003,0.191032847774774,0.382228539251864
"R18981",0.0529927289843131,0,0,0.0184352128552431,0,0.523230461430486,0.034250685931913,0,0.0339375066368286,0.337153404161215
"R18982",0.155353545193343,0,0,0.0710776174345485,0,0.455924370448332,0.0882475505806939,0,0.0222833129335656,0.207113603409517
"R18983",0.0817056393182836,0,0,0.0699813536832751,0,0.443617455446031,0.111912197425793,0,0.034523144047139,0.258260210079478
"R18984",0.0458374483589397,0,0,0.00112034342299337,0,0.493951568147658,0.0355021775797048,0,0.0743925760973067,0.349195886393397
"R18985",0,0,0,0,0,0.719014222293015,0.0386422946738179,0,0,0.242343483033166
"R18986",0.101879844870221,0.0022564838413241,0.00128052889751366,0.0489471658763984,0,0.148344077145781,0.0404133386997711,0.0112263317903241,0.190814428032881,0.454837800845785
"R18987",0.0821415458272584,0,0,0.0520316459086517,0,0.314164057665374,0.0498304469006945,0,0.12385589556413,0.377976408133892
"R18988",0.0785546792387622,0,0,0.0427114270719784,0,0.308440883153968,0.0461830459205993,0,0.0382452036976581,0.485864760917033
"R18989",0.097962338579192,0.00073026424858999,0.00822477198664982,0.0691971934447313,0,0.391632551440462,0.0599482852450818,0,0.0619725445909244,0.310332050464368
"R18990",0.122922830189683,0.00251219363458929,5.9778478154332e-05,0.0540478743677889,0,0.201032082947405,0.0415218972137098,0.000686889966734161,0.119945851775161,0.457270601426774
"R18991",0.115990390167575,0.00119249833921196,0.00149037409218532,0.0604520994787043,0.00799890721935453,0.43609298298388,0.0698459551190969,0.00105928582895229,0.053575928979049,0.252301577791991
"R18992",0.0548089576864236,0,0,0.0124286111798204,0,0.294088555432726,0,0,0.0403420252690568,0.598331850431972
"R18993",0.0647852592036741,0,0,0.0419304381959762,0,0.424105262942185,0.0413842943865781,0,0.0928529140278449,0.334941831243741
"R18994",0.0762661285453655,0,0,0.0608602075695796,0.00561499068017886,0.256509196683814,0.0270482709405343,0,0.0563028689645533,0.517398336615974
"R18995",0.0832858744371923,0,0,0.0420257410182689,0,0.362616938921678,0.0491268174447544,0,0.0247331865248837,0.438211441653222
"R18996",0.18246604711796,0,0,0.0434891094226206,0,0.183002998293377,0.0787188241729919,0,0.125076297557504,0.387246723435546
"R18997",0.126377394373914,0.00411514925757007,0.00592675854188164,0.0506214673830192,0.0101467070549281,0.278613390756769,0.169633679955691,0.00873861572133609,0.102446604026332,0.243380232928558
"R18998",0.142334231212927,0.0129731796047496,0.022160031597308,0.0828521839209687,0.0535940407069757,0.225052226119458,0.106375200150263,0.0250971464836666,0.0906415837528122,0.238920176450872
"R18999",0.0820921499582358,0,0,0.0647452856363005,0,0.1994577261349,0.0498026648272959,0.000738082882532853,0.15041678372284,0.452747306837895
"R19000",0.0954590070793806,0.00371684985330682,0.00723307321246003,0.0828331420791867,0.0200654120050595,0.192514636487673,0.0316780279233946,0.0140312463580526,0.0860800594350258,0.46638854556646
"R19001",0.11232272999669,0,0,0.0618902870018857,0,0.148267032445167,0.0586616506940141,0,0.128908414809619,0.489949885052624
"R19002",0.0526488810457956,0.00414920615693284,0.00514767137476838,0.0465479023840191,0.00101611396586346,0.279078400658096,0.0128990093813759,0.0176390570797912,0.158685660967515,0.422188096985841
"R19003",0.0513228000952886,0,0,0.0412625554585599,0,0.476661039917005,0.0816471825248381,0,0.079970801170888,0.26913562083342
"R19004",0.0424571804414301,0,0,0.0436357526995673,0,0.454984557966759,0.120095471108116,0,0.0825544286428653,0.256272609141262
"R19005",0,0,0,0,0,0.739566028934787,0.0717166466066984,0,0.00610034427824571,0.182616980180269
"R19006",0.00732899774618201,0.0105490280930392,0.00699307256591768,0.0302036389859265,0.0332636588163103,0.484475529680714,0.0877028392542976,0.0102237088423454,0.0636543980585435,0.265605127956723
"R19007",0.0084791322058369,0.0192931786768844,0.019145894015271,0.0407435121311581,0.0603950622443608,0.43250574630846,0.113311241502438,0.0189657066976388,0.0834340619796025,0.20372646423835
"R19008",0.0284068834573772,0,0,0.0187470364513738,0,0.587499511945517,0.0387853373577784,0,0.0365054099206087,0.290055820867345
"R19009",0.0560145982804479,0.0025210304035905,0.00724799434271479,0.0660313362903814,0.0115585192385842,0.366209234533099,0.0765643566527176,0.00752744546082199,0.0666419194358946,0.339683565361747
"R19010",0.0389622495668974,0,0,0.0534817415256445,0,0.492000505878532,0.0621389759695227,0,0.0373133536081832,0.31610317345122
"R19011",0.0460529452886047,0,0,0.0445346844178162,0,0.437977851410163,0.0322905517740698,0,0.0896536980510968,0.349490269058249
"R19012",0.057072387786966,0,0,0.0634614125556511,0.00578996785516285,0.345249293106788,0.0416591787353735,0,0.0791792010341043,0.407588558925954
"R19013",0.0393329465159217,0,0,0.0487881513324331,0,0.542089321581883,0.0577536834726833,0,0.0667425086843165,0.245293388412762
"R19014",0.0667319378106901,0,0,0.018199956234186,0,0.552820509223777,0.0705472303476369,0,0.0694812075084721,0.222219158875238
"R19015",0.118183181876728,0.00752046641575491,0.00588566004347066,0.0377984560636533,0.0228609469495233,0.311819391895666,0.109001946096894,0.00717266712843083,0.0714846677730198,0.308272615756859
"R19016",0.066235841944535,0.0101856156535897,0.0163256076876654,0.0562374324848578,0.0335189548413429,0.340039557747849,0.129583888586691,0.0229416347076774,0.100803235615604,0.224128230730187
"R19017",0.0404153515380861,0,0,0.0115523591910547,0,0.559175593801428,0.0399125058357892,0,0.0723994373110838,0.276544752322557
"R19018",0.0525201232903764,0,0,0.0218683441448019,0,0.349786508078624,0.0258943297594047,0,0.00705732075722384,0.542873373969569
"R19019",0.0593832838087264,0,0,0,0,0.188585435320986,0,0,0,0.752031280870287
"R19020",0.0183830680206681,0,0,0.0380386210583158,0,0.366514900289338,0.0424965450586493,0,0.168764311484025,0.365802554089003
"R19021",0.00946103014496796,0,0,0.0193754062467678,0,0.378530851653401,0.0795121119462948,0,0.203569639683521,0.309550960325047
"R19022",0.00872065313389808,0,0,0.0242738075557825,0,0.457329833112377,0.0968551153145688,0,0.0730980064240955,0.339722584459278
"R19023",0.0901947637890441,0,0,0.0408472312425079,0,0.134960820608597,0.0368366995646832,0,0.147066391797081,0.550094092998086
"R19024",0.139934290524173,0,0,0.0376868808079421,0,0.294583409556292,0.0846067329667509,0,0.0488980836891751,0.394290602455668
"R19025",0.0712612288219356,0,0,0.0210180101168035,0,0.462596284408877,0.15047707939954,0,0.071843493809713,0.22280390344313
"R19026",0.0522859115944838,0,0,0.0668693560348639,0,0.343743605124148,0.0394106488760207,0.00385325647236769,0.128132377932347,0.365704843965768
"R19027",0.0852285982183528,0.00404805730137758,0.00967709085659045,0.07213252308129,0.0271593558571301,0.261636272255797,0.0799786772796186,0.0110985923974672,0.0776253916556844,0.371415441096692
"R19028",0.0775884662563113,0.000566172544816848,0.00538328226595175,0.0642538580026109,0.00729714240674492,0.345471326348928,0.100577102801241,0.0083245252297184,0.0692763045361716,0.321261819607505
"R19029",0.0313337619257719,0,0,0.0182104426911002,0,0.710323862735174,0.0703591075323415,0,0,0.169772825115612
"R19030",0.051298236359927,0,0,0.0552849716358761,0,0.48291451145011,0.0636904546538416,0,0.0283726926836547,0.318439133216589
"R19031",0.082346656885263,0.00335836285722266,0.0114519737312133,0.0764011470700775,0.0297447310622375,0.243769684320469,0.0589499713761223,0.00765090942853072,0.0769289218046169,0.409397641464248
"R19032",0.0570690207180028,0.00429929559866768,0.00530050196564215,0.0602725686912117,0,0.30922902356125,0.024169538642457,0.0128248002325118,0.139630666306881,0.387204584283375
"R19033",0.0131070625198998,0,0,0,0,0.583689434541226,0.0290679351776938,0,0,0.374135567761181
"R19034",0.0792753217630567,0.000754472722904242,0.00753938018391478,0.0690503187850483,0.010306072444951,0.348472708615595,0.0553517711402434,0.00212965412233859,0.0585400835420476,0.3685802166799
"R19035",0.104668746727998,0.00669809674973953,0.00468600350072074,0.0559276517932624,0.000564770038151557,0.0813082980636338,0.0390994877950354,0.013645565516895,0.188331386529604,0.505069993284959
"R19036",0.101234440544211,0.00010412162971718,0,0.0284830630227832,0.019208425508766,0.361351926151505,0.127073674896509,0,0.0785265115766299,0.284017836669879
"R19037",0.0444720264858932,0.000384666108211307,0.00522712458820883,0.0200321901961115,0.0113735740761123,0.388493845331927,0.128684645882121,0.00746881821986024,0.0885512221143363,0.305311886997218
"R19038",0.072002187205758,0.00426080009840726,0.00314719490979001,0.0550775046338015,0,0.151932426119449,0.0268940090100977,0.0145311228524199,0.191934515869906,0.48022023930037
"R19039",0.11531091648205,0,0,0.0629410811965684,0,0.185206432973421,0.0935875764806026,0,0.123084863198029,0.419869129669329
"R19040",0.0620386680763823,0,0,0.0164421034383143,0,0.379080911620199,0.0744097355157115,0,0.0187631172959009,0.449265464053491
"R19041",0.094771817649429,0.00931988366555328,0.0147485401003832,0.0791238783576714,0.0136593449684489,0.112540996027796,0.0256020651384057,0.0283209995317898,0.191522414580265,0.430390059980257
"R19042",0.0973297750231154,0.00598327044098863,0.0130303485399241,0.0896562486044675,0.0278098589046906,0.184580010333131,0.0673292479037193,0.0208978430112164,0.105815099997144,0.387568297241603
"R19043",0.0655806360885712,0,0.00483792277583332,0.0562412951869428,0.0149028437963003,0.384961427316902,0.0408743992733227,0,0.0517599441037993,0.380841531458328
"R19044",0.0658738823611325,0.0021670087519164,0.00133973241127439,0.0613076374759816,0,0.188777167685685,0.0398846967977465,0.0117647033475709,0.209648794788526,0.419236376380166
"R19045",0.0948983879781156,0,0,0.0478871292265714,0,0.274731495931299,0.0743427827643683,0,0.071556542463952,0.436583661635693
"R19046",0.0330369311944249,0.00353316867209946,0.00125759137884258,0.0410217566988894,0,0.450588082267437,0.039836430207534,0.0104774943228939,0.132159663330828,0.28808888192705
"R19047",0.065857789574507,0.00756511536919659,0.00658863605845308,0.0581466232620338,0.0234291785515473,0.322469136798454,0.0673406392561073,0.00509613855627936,0.0908898322240814,0.35261691034934
"R19048",0.0609645627663067,0.013377620945346,0.0249845750175345,0.0637531341816735,0.0329082547057737,0.251287100445343,0.106152191884447,0.0236014545609724,0.108548036636887,0.314423068855715
"R19050",0.0616336775137391,0.010009774414338,0.0170750262979622,0.0517636708285895,0.0338823016919155,0.248430278659086,0.0724842652146826,0.0237116602523726,0.105703475722936,0.375305869404379
"R19051",0.0723487090213992,0.00623282203114273,0.00361390934776368,0.0451432118763481,0,0.22003788819843,0.0616733763667728,0.0135914434051544,0.15337703584536,0.423981603907629
"R19052",0.0818271181440018,0,0,0.045486376192531,0,0.201599930688787,0.0222945671076039,0.00665153055454809,0.184719722405174,0.457420754907354
"R19053",0.0589964643824209,0,0,0.0535065196824909,0,0.491236957147416,0.0728798844273214,0,0.0389228127383484,0.284457361622002
"R19054",0,0,0,0,0,0.639129885466831,0,0,0,0.360870114533169
"R19055",0.0959208190220813,0.00808209473852814,0.0112725533982626,0.0574628734287488,0.0172477230667843,0.242805494986323,0.0464941008609194,0.0268421087678567,0.161691148225415,0.33218108350508
"R19056",0.0561811252188513,0,0,0.0302525606376906,0,0.301315755497179,0.0350912824142794,0,0.0412102367754119,0.535949039456587
"R19057",0.0858857463024791,0.0111191384039107,0.0244628233693198,0.0612643916311267,0.0355254274822734,0.29231123748928,0.098585177804464,0.0244854593076912,0.0929266575767088,0.273433940632746
"R19058",0.0776731525003586,0,0,0.0530368099077079,0,0.297578582759068,0.0398911009399083,0,0.152404016487457,0.3794163374055
"R19059",0.0892182763487903,0,0,0.066044196528393,0,0.320903568877838,0.0603602156049692,0,0.0540533666236454,0.409420376016364
"R19060",0.08174168353885,0.00142330055688764,0.000601839406816976,0.0707188350576605,0,0.175320166124314,0.0324779975150978,0.00890508664345578,0.192903369317446,0.435907721839471
"R19061",0.096896742971593,0.00298525057840866,0.00181683428265039,0.0690699632299075,0,0.102470980744726,0.0386408806960363,0.00583122359574331,0.174272155854296,0.508015968046639
"R19062",0.0919143045695854,0.00172177478248245,0.00138761122568769,0.0779091622476822,0,0.1365990371725,0.0406564192913113,0.00433112439154396,0.139255311116186,0.506225255203021
"R19063",0.0992294965677832,0,0,0.0317167662289647,0,0.310526167511539,0.0792359686789573,0,0.0252553494682333,0.454036251544522
"R19064",0.106461460934344,0.00144136505439144,0,0.0345160605408621,0.006695864927699,0.258309167614977,0.0427038780729344,0.00382585399193093,0.163170810906663,0.382875537956197
"R19065",0.125200166569331,0.00756060362030761,0.00568373994044891,0.0297752055891952,0.0300215292095475,0.351991589179923,0.18248627454287,0.0103872377564264,0.0809573323493418,0.175936321242609
"R19066",0.0700077767627754,0,0,0.00748516291447381,0.00214202427075043,0.565062871654163,0.124510217566171,0,0.0296872562837757,0.20110469054789
"R19067",0.087890243300884,0.00227876070758147,0.000408842248793284,0.0628664153826791,0,0.287968864760784,0.0417344341341042,0.0106072556364509,0.164291465672426,0.341953718156297
"R19068",0.0367655300158747,0,0,0.0497203012979662,0,0.56976304348248,0.0748560429392414,0,0.0552106321589689,0.213684450105468
"R19069",0.0710061583054892,0,0,0.0548895581201958,0,0.383794332855678,0.0602400889989076,0,0.117543714617665,0.312526147102064
"R19070",0.0828110032744883,0.00274278920388128,0.00272753118420201,0.0553243560748314,0,0.126178976698767,0.0244964161363769,0.00721245494165083,0.181557230515081,0.51694924197072
"R19071",0.0554680572141587,0,0,0.0150665862951581,0,0.165226405317778,0.0296696802352727,0,0.0417610407661203,0.692808230171512
"R19072",0.0294505216268127,0,0,0.0207216390251935,0,0.401096831660775,0.0625791412252748,0,0.148832413389453,0.337319453072491
"R19073",0.0619945857666746,0.00815639657363171,0.00989797878085778,0.0607548352896271,0.0194066010426037,0.217780437759857,0.033591230921813,0.0283825902684035,0.209663985129792,0.35037135846674
"R19074",0.0949915941248379,0.00417694449610012,0.00545449062802328,0.0575618715524936,0.0247621772097792,0.290495809903521,0.0750478873142972,0.0100154555824659,0.0806630454691031,0.356830723719379
"R19075",0.0787963706442468,0.00171570091935599,0.00436302549364595,0.0350921231150442,0.00124840163144919,0.417182042237953,0.135566039055415,0.00586936966278342,0.0882007092380703,0.231966218002035
"R19076",0.0747130916853396,0.00212023394757331,0,0.0393643670428433,0,0.155507113062844,0.0216446149964574,0.0101143215289459,0.199447377772625,0.497088879963371
"R19077",0.0304774913518328,0,0,0,0,0.547500515435448,0.0525196494485884,0,0.067500347146463,0.302001996617667
"R19078",0,0,0,0,0,0.844452822588909,0.0557668847840247,0,0,0.0997802926270663
"R19079",0.0970916366637167,0.00215347688833661,0.000808927149389391,0.0472250373540606,0,0.208585562274002,0.0321268503861386,0.0116599535748633,0.1596495594677,0.440698996241793
"R19080",0,0,0,0,0,0.351925538515147,0,0,0,0.648074461484853
"R19081",0.0651727788012882,0.000843130857824531,0.00506615354061317,0.0555534881083251,0.00555337033217354,0.428734049783042,0.0803658123373805,0.00308955250544379,0.0658780066217682,0.28974365711214
"R19082",0.0472423054790884,0,0,0.00867409274153962,0,0.611370616626558,0.0429538998768043,0,0.0168986520008502,0.272860433275159
"R19083",0.0821610676053376,0.00161042356313972,0.00440686959554865,0.0595896574765362,0.0165419160321144,0.272356266963737,0.0661954120177631,0.00269976951615944,0.0722547517082423,0.422183865521422
"R19084",0.0880867714380506,0.00324523372244338,0.0104356187874741,0.0874140535061493,0.0105396728689342,0.352776180519533,0.0791397811968772,0.0091892858692413,0.0841730884914,0.275000313599897
"R19085",0.0768460417048716,0.00428170201281636,0.0056714373816687,0.0627316183115008,0.0119376052219725,0.295199909804913,0.0370213729764065,0.0187143519515541,0.188974163887378,0.298621796746918
"R19086",0.0328928136108702,0,0,0.0305346614244243,0,0.548903580774745,0.073200981414544,0,0.0521175042749084,0.262350458500507
"R19087",0.0517509946706157,0.000651751104269627,0.00475371495483097,0.0462858384962255,0.0048634603233294,0.402045905029887,0.106740710658676,0.00476321274072218,0.0761822668334947,0.301962145187948
"R19088",0.0550531034597082,0.00715474414891987,0.0105696819251973,0.0577365054584898,0.00914924205513958,0.264503150059573,0.0433776549097185,0.0199369505121087,0.169613123662302,0.362905843808843
"R19089",0.0546936732893761,0.00735095747372794,0.0137937826075671,0.0577248962883324,0.0241841347057578,0.235509169519369,0.053450389839838,0.0170306818281357,0.0869056652126837,0.449356649235212
"R19090",0.0565644849367582,0.00936498561183052,0.0199605926219135,0.058517431540696,0.0305769369100668,0.261148711066215,0.0884903647982467,0.0232958205631616,0.0912124904215205,0.360868181529591
"R19091",0.0447366558045798,0,0,0.0293270043747167,0,0.508461295649975,0.034545180004822,0,0.0955105724693488,0.287419291696557
"R19092",0.112453772808927,0.0121467061587813,0.0220897578477906,0.0819502395187258,0.0457726335416884,0.240217218324981,0.0932531529015086,0.0265856500068592,0.0988656551219085,0.26666521376883
"R19093",0.0562032283208851,0.00921730394889762,0.0173477133414024,0.0574027444402792,0.0291352208814383,0.349072746597437,0.0702809259229638,0.0191366784539893,0.0843173622097204,0.307886075882987
"R19094",0.0904215608344403,0.0105623728479681,0.0160003382066653,0.0737507242395675,0.0253849148268562,0.0995133976347125,0.0353243253350648,0.0307319969849959,0.186617247248553,0.431693121841176
"R19095",0.0638790148644955,0.00287423474771599,0.00524426139532817,0.0661656941446286,0.0236621693323462,0.318386335686303,0.0583802828969516,0.014303160876134,0.101268485686215,0.345836360369882
"R19096",0.0736058890068507,0,0.00142357336326557,0.0681465874479875,0.00534715045340271,0.449989725854984,0.107288491439594,0.00453673082579877,0.0607263021399471,0.228935549468169
"R19097",0.0661075868370256,0,0,0.0332689964324128,0,0.312853133564099,0.0351277067216977,0,0.145455087165873,0.407187489278891
"R19098",0.0768693234363472,0,0,0.0225430988922195,0,0.395172882520219,0.0668534837820851,0,0,0.438561211369129
"R19099",0.0111956701950092,0,0,0,0,0.609844774239868,0.0941081028145087,0,0,0.284851452750614
"R19100",0.0576898471717152,0,0,0.0542088579689068,0,0.38886139377785,0.0296968412201331,0.00480404544840643,0.130325353478627,0.334413660934361
"R19101",0.0388010557535026,0,0,0.0242235579576515,0,0.314677428964527,0.0148536981431633,0,0.0278453769423283,0.579598882238827
"R19102",0.0768716750768201,0.00598291590067568,0.0156223444331483,0.120214064737528,0.0319127429718285,0.227703688625715,0.0732523837996286,0.0177183666462922,0.0939576716131323,0.336764146195231
"R19103",0.0633055063323288,0.00172557791262026,0.00197195141794183,0.0573232396302504,0.00218371129370437,0.297468029510087,0.0364328658486581,0.00357321296027012,0.118397621126681,0.417618283967457
"R19104",0.0691767287140883,0.00339605314386868,0.00329968556067649,0.0797083811298706,0.0114720322515483,0.218288811460247,0.051192906431836,0.0018095471426451,0.037013198393222,0.524642655771998
"R19105",0.0530661176278066,0,0,0.0452210554509925,0.0103922790630401,0.390509085063065,0.0193887938587618,0,0.0290182509886875,0.452404417947646
"R19106",0.118758910932457,0.00746478394334985,0.0102599536812418,0.0606456232142185,0.0135823472778529,0.0967238337390444,0.0483516556298713,0.0190571643725714,0.208915513399623,0.41624021380977
"R19107",0.159573337298448,0.009025378964105,0.0106389743469305,0.0423859147330758,0.0513998354124836,0.212877149101594,0.161461185011732,0.0147570559063187,0.0785682039527751,0.259312965272536
"R19108",0.0771842704830158,0.0065859639523448,0.0102518333400301,0.0509652123443886,0.0210126065766535,0.348846219969665,0.154247248994194,0.011581053886011,0.0915490174268408,0.227776573026856
"R19109",0.0673453982291701,0.00745102154207533,0.00863394828018786,0.0476381696540596,0.00309858528561431,0.191344282998173,0.0549480474318421,0.0190019511727251,0.174406329946363,0.426132265459789
"R19110",0.0196237565324758,0,0,0,0,0.41814511827009,0.0701805963622422,0,0,0.492050528835191
"R19111",0.0581998425158334,0.00559652379946148,0.0130261689391642,0.0483264555120031,0.0151497778424314,0.348930084029202,0.111816050372742,0.0100263814924601,0.100682013924776,0.288246701571925
"R19112",0.093914283426084,0.00723488361605491,0.00741685363908436,0.0482721006040438,0,0.112015840222874,0.0211206243739944,0.020825741451089,0.186225289772967,0.502974382893808
"R19113",0.0897396356013071,0,0,0.0274557105716504,0.00225395572579225,0.253300108429765,0.120959653847087,0,0.059924403685124,0.446366532139273
"R19114",0.0842791315863384,0.00285048807324599,0.00634129021647802,0.0600551120695911,0,0.279391343494606,0.134952893046847,0.00122321499829245,0.0860902355141275,0.344816291000473
"R19115",0.0951987684786127,0.0054774406192242,0.000966194449116567,0.044803835619319,0.0162896665425445,0.178006056499339,0.0477304964915898,0.00599321977923142,0.185939155911544,0.419595165609479
"R19116",0.103534170219887,0.0079512850740544,0.00162769828299809,0.0332692295591937,0.0203378906986418,0.445556241633041,0.11981090670193,0.00193432175679475,0.0571129134771878,0.20886534259627
"R19117",0.0536623405221376,0.00226754539240052,0.00088705633403352,0.0247643620105736,0,0.348286631533941,0.187689432436354,0,0.103486251935292,0.278956379835267
"R19118",0.0516435395445545,0.0049281526340042,0.00355550360404308,0.0365645052590341,0.00462431213652106,0.335160717997811,0.0419390651796988,0.0228666642363997,0.167034736412014,0.331682802995919
"R19119",0.0338668002897363,0.009672002635897,0.00707140158486097,0.045684275597758,0.0306404567398564,0.258728748645944,0.0497779388011738,0.0189814206609089,0.0989243600941237,0.446652594949741
"R19120",0.138510503695233,0.00865563118007677,0.0156756135459356,0.065863694432927,0.0271070403127988,0.239465677558304,0.116975059382252,0.0231331654032571,0.104832673429891,0.259780941059324
"R19121",0.0558338847645205,0.00162377946331364,0.00734733814448753,0.0442223881373632,0.0156986468730354,0.336675011164193,0.035727454605334,0.0131875511716328,0.124714951825226,0.364968993850894
"R19122",0.103169951389897,0,0,0.036968396077987,0,0.315084413510693,0.0915535599905595,0,0.0696374041387279,0.383586274892135
"R19123",0.0902181692156463,0.00436175093130321,0.0142877170966572,0.0733975211762521,0.0181813665699011,0.304751920397924,0.0959779397617647,0.0101091137466123,0.0917329726324696,0.296981528471469
"R19124",0.0834055729922648,0.00608092758163654,0.0105100375799961,0.0465705226933993,0.00909359551957671,0.198121278894495,0.0294857550113224,0.0281938151559459,0.19001325857201,0.398525235999353
"R19125",0.0812854344275576,0,0,0.043558752320389,0.0015443200894838,0.360892413883615,0.0732539665898614,0,0.111717852234402,0.327747260454691
"R19126",0.0766797389677041,0.006932661807256,0.0187110358045817,0.0706191737039894,0.0300528000394467,0.27152753064442,0.0821350803823737,0.0183363235039637,0.112497920838853,0.312507734307412
"R19127",0.0749448247810394,0.00725325301588249,0.0106010107169821,0.0524866547008726,0.00742232668561665,0.194891821646885,0.0175138128357187,0.0246711345665125,0.181166015559763,0.429049145490727
"R19128",0.050853289221134,0,0,0.0533726868090725,0,0.433279239849618,0.0495035680091587,0,0.0694074306714338,0.343583785439583
"R19129",0.062886054541794,0.00233171910305548,0.00885136277595672,0.0500675932548191,0.01002435742883,0.441160453255641,0.0809731531847874,0.00913221233087935,0.0678967501289491,0.266676343995287
"R19130",0.0377543271042446,0,0,0.0437712567930147,0,0.504279496601885,0.0489315959295611,0,0.0962629347335796,0.269000388837714
"R19131",0,0,0,0,0,0.474476543935269,0,0,0,0.525523456064731
"R19132",0.0227481679772327,0,0,0,0,0.224891489836763,0,0,0,0.752360342186004
"R19133",0.0826654228130168,0.00384246752120809,0.00633303363159268,0.0431566782474731,0.0105056794453798,0.387450274274478,0.0543991301887619,0.0104558522642293,0.119244040851192,0.281947420762668
"R19134",0.134788611486512,0.00120338683762827,0.000174322021701048,0.0360627601567154,0.0102484685551223,0.406328272470305,0.124932400342802,0.000642245618283119,0.081151036987977,0.204468495522952
"R19135",0.0904392971967111,0.00300749605689316,0.00589697420367513,0.0340189489928846,0.00822255222987253,0.405527982002751,0.114678884101052,0.00636074050102904,0.0694776627379754,0.262369461977156
"R19136",0.0841403204984697,0.0152136124806657,0.0233684668764882,0.0704752043395336,0.0313880648442286,0.176005191588252,0.0471082412669804,0.0292671425893718,0.170919968286677,0.352113787229333
"R19137",0.0826541007444356,0.0122911313733847,0.015128454569118,0.0407798575647129,0.011013184495579,0.27942799021635,0.0466645256972393,0.013017996593285,0.0845941310996561,0.414428627646239
"R19138",0.0812646015753508,0.0208336041007134,0.0396156626980536,0.0824224410844847,0.0571748883261315,0.190843805758385,0.0678017534593245,0.0472004372988725,0.124512389398707,0.288330416299977
"R19139",0.0648493737926538,0.0033250794372819,0.00229292673854348,0.0580656147397081,0,0.146017573496093,0.0299568944325918,0.00555944578176845,0.183163676356685,0.506769415224674
"R19140",0.0930115644796432,0.00129029443185605,0.000247255070550262,0.0659296257145208,0.00891270920162152,0.227040812700913,0.0777032646594265,0,0.0628949463740036,0.462969527367465
"R19141",0.0862563587904204,0.0100161896003029,0.0231291120717351,0.0674773659987977,0.0334572202863577,0.283006430485294,0.0796575606767736,0.0220642391112561,0.0919338978876254,0.303001625091436
"R19142",0.0645074318731325,0,0,0.0313209268761192,0,0.478443256008802,0.054424588348845,0,0.0986479439415806,0.27265585295152
"R19143",0.0447223719524361,0.0107879514397711,0.016844953364087,0.0428322819882408,0.0414937177545532,0.267819485195208,0.10698273734227,0.0294909800033754,0.103382919793363,0.335642601166695
"R19144",0.0903575475473809,0.00463879809161447,0.0090073948599597,0.0455667655250279,0.0080232217296337,0.361913819436009,0.153224750298219,0.00856871404999371,0.1047012283146,0.213997760147561
"R19145",0.0869655098492056,0.008084940839288,0.00704549621820828,0.0360861461575754,7.72823553411295e-05,0.160524349912653,0.0389972961247882,0.012709340527674,0.180937905228409,0.468571732786857
"R19146",0.0325545620471942,0.0186957529129679,0.0211478176907705,0.047492795704367,0.0202816670886632,0.265945581092854,0.0924728397672562,0.0217266647267944,0.107109920633382,0.37257239833575
"R19147",0.0651716890007756,0.00984954380581564,0.0117348827702306,0.0647963091502125,0.0131599560573643,0.216078203519138,0.0358684959369198,0.0197474127989461,0.179357252488197,0.3842362544724
"R19148",0.101089175537521,0.00498155944818818,0.00761642449835653,0.0629699589491667,0.0293919585990776,0.256965920873733,0.0915181981952149,0.0105067575755059,0.0836834159219192,0.351276630401316
"R19149",0.063402401318756,0.00690528418868351,0.0157789605054907,0.0534209174136291,0.017745635829287,0.396877091863743,0.0869937109498112,0.0130547045861978,0.085742110589841,0.26007918275456
"R19150",0.11263793983416,0.0104282431248043,0.0079711218284249,0.039806087953975,0.0234149838536555,0.228365115283157,0.0981517777200672,0.016719260701508,0.162043965823595,0.300461503876652
"R19151",0.0592845778826511,0.0118566590650228,0.0103968015238946,0.0411218754844833,0.035986865067875,0.263289926384194,0.20166373121055,0.0142915358912246,0.0875169841379093,0.274591043352195
"R19152",0.0669759316095268,0.000170153778543292,0,0.0144881547737449,0.00225865242177399,0.454393425970374,0.166968166814859,0,0.0529222059590863,0.241823308672091
"R19153",0.0680154461131228,0.00407164669018581,0.00653235434349363,0.0553171566117371,0.0110275423059432,0.363143591695564,0.0511464429818961,0.0166896775733562,0.141017250145064,0.283038891539637
"R19154",0.0763943608962213,0,0,0.0438994520909696,0.00585630769209056,0.447853771290631,0.0753873875904268,0.00139072686385774,0.081849401945595,0.267368591630208
"R19155",0.0299055197569881,0,0,0.0117056929930682,0,0.70484883267636,0.0717403792169018,0,0,0.181799575356682
"R19156",0.0812577868672579,0.0104769879129356,0.0143518075783361,0.0679850366648381,0.0107992175674188,0.102406943388578,0.0150527396889534,0.0240026568933254,0.171166387628218,0.502500435810138
"R19157",0.0813259226453744,0.00598458095526573,0.0123594845296001,0.0603843377505392,0.0287792792071682,0.30244983363523,0.0685549860216983,0.018678164059871,0.0760258923922381,0.345457518803014
"R19158",0.0905073086612681,0.0116963541869582,0.0257399028837243,0.067573046248264,0.0324886508004228,0.255955235265519,0.0832162713010007,0.02673229481781,0.104633204542771,0.301457731292261
"R19159",0.0304696282972757,0.00415581809443215,0.00742319691343754,0.0468001279461758,0.00450175485475274,0.428924224945517,0.0309976823199148,0.00998226807628685,0.129880162118138,0.306865136434069
"R19160",0.0229268608682502,0.0010021904525587,0.0017371220348202,0.0424955899148226,0.00763218591228977,0.54400473214187,0.0425317567170246,0.000335769711923062,0.0669601179080011,0.27037367433844
"R19161",0.0521054551653078,0.00896184856751947,0.0192943999007995,0.0634205051611599,0.0277829420221825,0.326895040650425,0.0819534586871011,0.0260424534343346,0.0965159585897522,0.297027937821417
"R19162",0.0798847980623877,0.00963938869465228,0.018896185209775,0.060867987149388,0.0252571427567378,0.106882278608215,0.0270644420634978,0.0344519841924159,0.205733608010096,0.431322185252834
"R19163",0.105190392452847,0.00644901383878206,0.0136957287156607,0.0468562016849424,0.0388771341626971,0.248530390493992,0.0714374190616811,0.0159362780057826,0.0897745200515101,0.363252921532104
"R19164",0.0375062979350675,0,0.00375395087103622,0.0287533509479172,0.0141792000416211,0.398062965125589,0.0331698628530032,0,0.0983544180233706,0.386219954202395
"R19165",0.105366339306689,0.00348618146185044,0,0.0256331195746381,0,0.364474872227565,0.0906093967655593,0.004803695299839,0.120999738036286,0.284626657327573
"R19166",0.108579596333561,0.0224447144963889,0.0262808104699819,0.0596853069235519,0.0641237152141091,0.187937410323634,0.154702618473077,0.0364252683780492,0.110141766242818,0.229678793144828
"R19167",0.0780067720840265,0.00945419689778877,0.0125430676993314,0.0378647707285946,0.0271006449620641,0.334066655480028,0.156990324053459,0.0146397090209027,0.096023874724223,0.233309984349581
"R19168",0.0816005271555689,0.00170910370323027,0.00131401732956796,0.0632135994825415,0,0.286986726475471,0.0427306351572213,0.00976999548334474,0.152875353573696,0.359800041639359
"R19169",0.0862168988591335,0,0,0.0300413988384027,0,0.477507592047439,0.0876220400782109,0,0.0174531738279386,0.301158896348874
"R19170",0.102192520832524,0.00604809450377976,0.0114091527689864,0.0577059971428965,0.0183361285766336,0.265294651202302,0.135408851785188,0.0151066542421106,0.101132968641167,0.287364980304413
"R19171",0.0787506057947879,0,0,0.0588964447540171,0,0.190883433756548,0.0379580150157067,0,0.141601967520641,0.491909533158299
"R19172",0,0,0,0,0,1,0,0,0,0
"R19173",0.0492714595536937,0.000561023996990637,0,0.0531121680410395,0,0.266262781164846,0.0283018685269202,0.00331689388451788,0.151393154060581,0.44778065077141
"R19174",0.0572302198302178,0,0,0.0484882624126412,0,0.363568088166013,0.0297153260293514,0,0.0312601419363416,0.469737961625434
"R19175",0.0977879394727931,0.00538894862881081,0.0125069349428707,0.077073533793485,0.025602799511034,0.181046003454324,0.0945483677091109,0.0155338106698148,0.0865678881958543,0.403943773621902
"R19176",0.059825510960241,0,0,0.0422408940839563,0,0.398901381567767,0.0678137405531451,0,0.0460021479782495,0.385216324856641
"R19177",0.0738784239189968,0.0042859685419238,0.0126744088642719,0.0668538567507693,0.0208012478618229,0.293068687687334,0.0912541980949804,0.00826354000876564,0.0741142835749625,0.354805384696173
"R19178",0.0561867730169713,0,0.000480257823052416,0.0507999609797241,0,0.442455405073841,0.0682640507250154,0,0.0370420862175365,0.344771466163859
"R19184",0.0386749634606142,0.0116375862009543,0.0120458677881901,0.0380732444796872,0.0143201288241041,0.296998238577887,0.157390092317427,0.00945662447267165,0.100565489168858,0.320837764709606
"R19185",0.0724246341358818,0.00580347984864714,0.00414476281182931,0.0471943704668936,0.00674933948321077,0.307898404816608,0.0515018125528905,0.0106459286111603,0.134847427003907,0.358789840268971
"R19201",0,0,0,0.00790860973274241,0,0.716992028985802,0.0441062974990768,0,0.011200144442212,0.219792919340167
"R19202",0.0461499254481851,0,0,0.0662027286825672,0,0.521540532636938,0.0779367757967355,0,0.0448750529210359,0.243294984514538
"R19203",0.0837166606495207,0,0,0.0680809462641696,0,0.384856115572004,0.0786820390698304,0,0.0822177224989681,0.302446515945506
"R19204",0.0632263556173454,0,0,0.0169578113078044,0,0.427859447226945,0.154441091177142,0,0.036922341520538,0.300592953150224
"R19205",0.0646072733330624,0,0,0.0212188194236776,0,0.462180699802627,0.0498659278449416,0,0,0.402127279595691
"R19206",0.0563081144994597,0.00135444685521682,0.00118595186995987,0.0764684623702309,0.0116517570034698,0.234357366304706,0.0341429456090786,0.00145636169070776,0.0739580643765351,0.509116529420635
"R19207",0.0378879572670817,0.00417007295511904,0.00571233646748996,0.0600465372979392,0,0.138642884842504,0.0134276741729766,0.0137099276937591,0.193667237601056,0.532735371702074
"R19208",0.0678573402050253,0.00525098458970966,0.0063391059303264,0.0556804418685888,0,0.19275143445604,0.00511897650364933,0.0150921361582843,0.161770278800395,0.49013930148798
"R22117",0.111364842338458,0.00733249129592252,0.0029936898456189,0.0623527398240732,0,0.133809182592979,0.0400780833437658,0.0127631663590365,0.186841731962265,0.442464072437881
"R22118",0.11166755410407,0.00633957882168963,0.00959982801600012,0.0511440058567199,0.00562771441598499,0.0912555529857062,0.0140102053213259,0.0231558004555682,0.199725795001162,0.487473965021773
"R22119",0.0779316162411048,0.00616775753104851,0.00998895690939136,0.0518989115982837,0.00570174398976679,0.203619225791742,0.0181295849865953,0.0234692665610267,0.1689878593639,0.434105077027141
"R22120",0.0745495438188441,0.0113632528203707,0.0164257507853276,0.0589703818874895,0.0257153312749527,0.197209531593968,0.0447673407134147,0.0299728432826364,0.202255008445676,0.33877101537732
"R22121",0.0869091954751656,0.00935014433524779,0.0144945621758181,0.0628567205381196,0.0123154063015437,0.113832855435689,0.0303656796555934,0.0273668854881295,0.216361019879562,0.426147530715131
"R22122",0.0319720583827294,0,0,0.0489774038769516,0,0.521092721391978,0.0633320960628379,0,0.105394976565933,0.229230743719569
"R22123",0.0628475761471236,0.00670765340885764,0.00983921993949605,0.0565518476651954,0.00739708477209866,0.255597124171904,0.0471292582382539,0.0190602226397953,0.150033806862723,0.384836206154552
"R22124",0.110663244651833,0.00860742447101141,0.013452437162794,0.0602439963285217,0.0295101512313627,0.299987168264331,0.0520930076423402,0.0218752043735077,0.170791513613205,0.232775852261092
"R22125",0.0852079363123868,0.00706063774329231,0.0101950012302688,0.0619096633131722,0.00981860472808128,0.177690151772411,0.0444385992879325,0.0236491298216767,0.185366068849363,0.394664206941415
"R22126",0.0388512078499748,3.15853692356982e-05,0,0.0272361310776905,0,0.491249489234833,0.0515276888431341,0,0.140516772864561,0.250587124760571
"R22127",0.0954359272791117,0.0108505940778073,0.0165302499108182,0.0789704261748537,0.018439432585173,0.113323177865849,0.046975174316075,0.0262266998366761,0.182835169761905,0.41041314819173
"R22128",0.0909177110602457,0.0105481244884343,0.0167172004144715,0.0702728488462188,0.0164527516280437,0.0927141987171516,0.0175783131138365,0.0311444917504021,0.194741593939316,0.45891276604188
"R22129",0.0690918249635772,0.0116523617571419,0.0163718971386459,0.0633786545842554,0.0164360600514265,0.108175180994231,0.0377355692625713,0.0375409710440412,0.201471300942379,0.43814617926173
"R22130",0.0472533792222333,0,0,0.0442603403043196,0,0.452986028705479,0.0482833892490009,0,0.103414869847453,0.303801992671514
"R22131",0.0785609856548489,0.0144934490930067,0.0243919467401904,0.0650503810920758,0.0362228543119051,0.121563275047636,0.0383874761096456,0.0358670861190859,0.194138867082017,0.391323678749588
"R22132",0.0878749429215819,0.00210160781336149,0.00238991275503392,0.0661177420381529,0.00298410350510343,0.429113993240844,0.0570915748585185,0,0.0676540149100866,0.284672107957317
"R22133",0.0479597159297475,0.00574942730355492,0.0109195307450622,0.0758660365505949,0.0122581814716705,0.337612544373692,0.0369639269726677,0.0182632524163674,0.134195325395562,0.320212058841081
"R22135",0.0504827963210454,0,0,0.066216933724564,0,0.50766255645877,0.045957057901666,0,0.0679914783814954,0.261689177212459
"R22136",0.0373297052068126,0,0,0.0480607549197496,0,0.427739442629384,0.0411146653697801,0.00689091298593326,0.132231677186705,0.306632841701635
